T = [
  -4.100000000000000
  -3.370000000000000
  -2.760000000000000
  -1.590000000000000
  -0.010000000000000
   0.850000000000000
   1.150000000000000
   1.790000000000000
   2.510000000000000
   4.210000000000000];

F = [
    0.044100210121794
    0.156493511195020
    0.299664809130155
    0.367754561511594
    0.094225747280148
    0.293699892415956
    0.289707388033342
    0.091759658119148
    0.065019274935861
    0.005349325963815];
